
==============================================================================================================
[T1] Error decomposition per horizon, same 158 target dates (median over top-20 configs)
==============================================================================================================
MSE = bias^2 + (sd_f - rho*sd_y)^2 [conditional bias] + (1-rho^2) var_y [discrimination]
            mse   bias2    cond  discrimination     rho  sd_forecast
fam   h                                                             
GBDT  1  3.5688  0.0455  0.1251          3.3707  0.7028       1.4499
      2  3.4059  0.0398  0.1036          3.2650  0.7140       1.4994
      3  3.4063  0.0505  0.1305          3.2386  0.7167       1.4848
      4  3.4583  0.0588  0.1436          3.2650  0.7140       1.4516
      5  3.4023  0.0371  0.0732          3.2902  0.7113       1.5365
      6  3.4557  0.0486  0.1059          3.3136  0.7088       1.5006
      7  3.4216  0.0356  0.0684          3.3009  0.7102       1.5681
other 1  3.4323  0.0170  0.0271          3.3455  0.7055       1.6955
      2  3.4421  0.0177  0.0222          3.3525  0.7047       1.7158
      3  3.4647  0.0184  0.0249          3.3812  0.7016       1.6856
      4  3.4883  0.0183  0.0218          3.4367  0.6957       1.6918
      5  3.4711  0.0184  0.0304          3.4153  0.6980       1.6571
      6  3.4621  0.0183  0.0216          3.4063  0.6990       1.6846
      7  3.4176  0.0198  0.0249          3.3775  0.7020       1.6541

==============================================================================================================
[T2] corr(forecast for target day d, actual count on day d+delta), median over configs
==============================================================================================================
            d-2     d-1     d+0     d+1     d+2
fam   h                                        
GBDT  1  0.6386  0.6680  0.6992  0.6394  0.6216
      2  0.6383  0.6927  0.7112  0.6359  0.6109
      3  0.6323  0.6978  0.7134  0.6346  0.6016
      4  0.6383  0.6959  0.7100  0.6278  0.6020
      5  0.6369  0.6873  0.7074  0.6260  0.6001
      6  0.6226  0.6826  0.7039  0.6261  0.6061
      7  0.6273  0.6848  0.7090  0.6305  0.6169
other 1  0.6455  0.6689  0.7023  0.6252  0.6157
      2  0.6434  0.6642  0.6984  0.6290  0.6142
      3  0.6331  0.6659  0.6994  0.6274  0.6155
      4  0.6311  0.6662  0.6919  0.6306  0.6141
      5  0.6333  0.6577  0.6944  0.6291  0.6166
      6  0.6338  0.6589  0.6956  0.6308  0.6168
      7  0.6360  0.6557  0.6988  0.6318  0.6135
Day d-1 is observed at the origin only for h = 1.

==============================================================================================================
[T3] Permutation / gain importance share by weather-day offset relative to the target
==============================================================================================================
configurations with saved per-horizon importance: ['catboost_tweedie@activity', 'catboost_tweedie@global', 'lightgbm_poisson@activity', 'lightgbm_poisson@global']

perm:
   weather_3plus_days_before  weather_d_minus2_to_d  weather_after_target  target_lags  past_covariates
h                                                                                                      
1                      0.000                  0.094                 0.138        0.136            0.345
2                      0.025                  0.095                 0.113        0.154            0.338
3                      0.047                  0.096                 0.082        0.157            0.346
4                      0.061                  0.095                 0.062        0.157            0.356
5                      0.079                  0.096                 0.049        0.173            0.338
6                      0.088                  0.099                 0.020        0.165            0.361
7                      0.115                  0.096                 0.000        0.171            0.352

gain:
   weather_3plus_days_before  weather_d_minus2_to_d  weather_after_target  target_lags  past_covariates
h                                                                                                      
1                      0.000                  0.057                 0.065        0.193            0.440
2                      0.011                  0.058                 0.050        0.215            0.435
3                      0.022                  0.057                 0.041        0.208            0.435
4                      0.034                  0.054                 0.028        0.204            0.438
5                      0.042                  0.055                 0.023        0.210            0.429
6                      0.054                  0.055                 0.009        0.217            0.431
7                      0.063                  0.057                 0.000        0.218            0.447

==============================================================================================================
[T4] Univariate baselines (no weather), % change vs Day 1, same 158 target dates
==============================================================================================================
RMSE
horizon                     1     2     3     4     5     6      7
diff/arima@global         0.0 -0.37 -1.32  0.34 -1.61 -1.32  -2.21
diff/naive_weekly@global  0.0  0.00  0.00  0.00  0.00  0.00   0.00
diff/naive_last@global    0.0  0.69  2.23  3.34 -0.32 -1.89 -15.34
MAE
horizon                     1     2     3     4     5     6      7
diff/arima@global         0.0 -0.27 -0.66 -0.51 -1.36 -1.51  -2.11
diff/naive_weekly@global  0.0  0.00  0.00  0.00  0.00  0.00   0.00
diff/naive_last@global    0.0  0.61  1.91  3.49  1.06 -0.73 -13.84
